{
    "rmse": 0.680853984798056,
    "mae": 0.5348612418520006,
    "r2": 0.24962624156789848
}